%YAML:1.0
---
CM1: !!opencv-matrix
   rows: 3
   cols: 3
   dt: d
   data: [ 9.1106982871322839e+02, 0., 6.1366330667872865e+02, 0.,
       9.0502585439147822e+02, 3.8934855887771721e+02, 0., 0., 1. ]
CM2: !!opencv-matrix
   rows: 3
   cols: 3
   dt: d
   data: [ 9.0919180712944637e+02, 0., 6.4831205796732206e+02, 0.,
       9.0298866314382997e+02, 3.9184631243987798e+02, 0., 0., 1. ]
D1: !!opencv-matrix
   rows: 1
   cols: 5
   dt: d
   data: [ 3.9979130027271943e-02, -3.8833382583454243e-02,
       -1.6907651715993718e-03, 2.0370418312740967e-03,
       -3.7643957504052056e-02 ]
D2: !!opencv-matrix
   rows: 1
   cols: 5
   dt: d
   data: [ 4.2724486686820960e-02, -4.3017737561840630e-02,
       -2.2349198064973734e-03, 4.0634976960623979e-03,
       -3.3229260302588208e-02 ]
R: !!opencv-matrix
   rows: 3
   cols: 3
   dt: d
   data: [ 9.9986214346940927e-01, -1.4869178510982429e-02,
       7.3892886780096718e-03, 1.4891440103608445e-02,
       9.9988471476261498e-01, -2.9668494610901744e-03,
       -7.3443221878581599e-03, 3.0764776112735346e-03,
       9.9996829760603323e-01 ]
T: !!opencv-matrix
   rows: 3
   cols: 1
   dt: d
   data: [ -8.1354393864112529e-02, -7.4786563943660058e-04,
       -5.8542792048501006e-04 ]
E: !!opencv-matrix
   rows: 3
   cols: 3
   dt: d
   data: [ 1.4210431022133530e-05, 5.8305963739225771e-04,
       -7.4957880681586313e-04, -1.1828400953589344e-03,
       2.5898980355667606e-04, 8.1347488839162693e-02,
       -4.6372154211860223e-04, -8.1356135051198597e-02,
       2.4689243469522135e-04 ]
F: !!opencv-matrix
   rows: 3
   cols: 3
   dt: d
   data: [ 2.5162106883938148e-08, 1.0393059381199878e-06,
       -1.6293227810299700e-03, -2.1088175405420771e-06,
       4.6482161189600471e-07, 1.3324536199098577e-01,
       6.3480417172115370e-05, -1.3270475479641955e-01, 1. ]
R1: !!opencv-matrix
   rows: 3
   cols: 3
   dt: d
   data: [ 9.9987805245804440e-01, -5.6550255777234049e-03,
       1.4556816218648865e-02, 5.6776490172595132e-03,
       9.9998273697822926e-01, -1.5132901791945728e-03,
       -1.4548007229343692e-02, 1.5957541304752309e-03,
       9.9989289879187060e-01 ]
R2: !!opencv-matrix
   rows: 3
   cols: 3
   dt: d
   data: [ 9.9993186284079039e-01, 9.1920626099865257e-03,
       7.1955306073223490e-03, -9.2032376457593084e-03,
       9.9995649180543811e-01, 1.5214838140492717e-03,
       -7.1812319682978739e-03, -1.5876023226308836e-03,
       9.9997295434740763e-01 ]
P1: !!opencv-matrix
   rows: 3
   cols: 4
   dt: d
   data: [ 9.0400725876765409e+02, 0., 6.2072773742675781e+02, 0., 0.,
       9.0400725876765409e+02, 3.8811122894287109e+02, 0., 0., 0., 1.,
       0. ]
P2: !!opencv-matrix
   rows: 3
   cols: 4
   dt: d
   data: [ 9.0400725876765409e+02, 0., 6.2072773742675781e+02,
       -7.3549974072093647e+01, 0., 9.0400725876765409e+02,
       3.8811122894287109e+02, 0., 0., 0., 1., 0. ]
Q: !!opencv-matrix
   rows: 4
   cols: 4
   dt: d
   data: [ 1., 0., 0., -6.2072773742675781e+02, 0., 1., 0.,
       -3.8811122894287109e+02, 0., 0., 0., 9.0400725876765409e+02, 0.,
       0., 1.2291061556072700e+01, 0. ]
